# Created by Octave 3.8.1, Tue Mar 07 17:05:35 2017 CET <moi@Nemesis>
# name: relation
# type: complex matrix
# rows: 301
# columns: 7
 (400,0) (0.01795152359880655,0.0005725627751865218) (0.02129244579442197,0.0005284487782846394) (0.02397540470227723,0.0004860911329740452) (0.02612314586495642,0.0004552753981419588) (0.03017009050187437,0.0004058564909660837) (0.03128183717819237,0.0003940685078925803)
 (401.3333333333333,0) (0.01779130363157906,0.000570693106076588) (0.02114840832950526,0.0005277267657711242) (0.023844192924694,0.0004851690689150795) (0.02600093085311045,0.0004541926706241879) (0.03006199032370833,0.0004045845903371137) (0.03117706300246252,0.0003927670584384418)
 (402.6666666666667,0) (0.01763186235485999,0.0005686706836572731) (0.02100498524264578,0.0005270097543674098) (0.02371363831286752,0.0004842561846874207) (0.02587939702094526,0.0004531188300130357) (0.0299545837552489,0.0004033212699109407) (0.0310729804456247,0.0003914742396771685)
 (404,0) (0.01747321885461624,0.0005664760928870033) (0.0208621699667535,0.0005262972693222097) (0.02358373382669853,0.0004833523725924408) (0.0257585374368803,0.0004520537896774797) (0.02984786394792855,0.0004020664442419331) (0.0309695826631479,0.0003901899660849751)
 (405.3333333333333,0) (0.01731539518928115,0.000564087083467513) (0.02071995608337735,0.0005255888110513363) (0.02345447251873415,0.0004824575248134694) (0.02563834525954059,0.0004509974640067275) (0.02974182414324885,0.0004008200290092461) (0.03086686290055627,0.0003889141532635506)
 (406.6666666666667,0) (0.0171584167309766,0.0005614780399327464) (0.02057833732523711,0.0005248838532675611) (0.02332584753284968,0.0004815715333424238) (0.02551881373629132,0.0004499497683885274) (0.03034596965997667,0.0003919920209550644) (0.03090332500912798,0.00038623122341197)
 (408,0) (0.01700231254721848,0.0005586193288442589) (0.02043730757907312,0.0005241818409587816) (0.02319785210296692,0.0004806942899036944) (0.02539993620179914,0.0004489106191878938) (0.0302433803317586,0.0003907428125605662) (0.03066343085857176,0.0003863875778567895)
 (409.3333333333333,0) (0.01684711582454561,0.000555476488950806) (0.0202968608888284,0.0005234821882000603) (0.02307047955180954,0.0004798256858764366) (0.025281706076625,0.0004478799337260503) (0.03014145022200962,0.0003895017952511029) (0.03056270550736006,0.0003851366519379438)
 (410.6666666666667,0) (0.01669286433272382,0.0005520092192227195) (0.02015699145919189,0.0005227842757837929) (0.02294372328969259,0.0004789656122134836) (0.02516411686584193,0.0004468576302595052) (0.03004017292075758,0.0003882688889848362) (0.03060231859670153,0.0003824692309761386)
 (412,0) (0.01653960092301571,0.0005481701048476938) (0.02001769365952881,0.000522087448648995) (0.02281757681334899,0.00047811395935796) (0.02681416682485699,0.0004227598921399119) (0.02993954210099051,0.0003870440147565434) (0.03036320409947129,0.0003826591232655659)
 (413.3333333333333,0) (0.01638737404474195,0.0005439030011495713) (0.01987896202822818,0.0005213910130915628) (0.0249308356222153,0.0004448378468918612) (0.0267043086038765,0.000421654509160253) (0.02983955151731799,0.0003858270945808677) (0.03026441547286126,0.0003814323634508945)
 (414.6666666666667,0) (0.01623623824814601,0.0005391409681183293) (0.01974079127749458,0.0005206942337316356) (0.02481513101003714,0.0004438402079962317) (0.02659508255480177,0.0004205570422587189) (0.0301662599859041,0.0003802135036268046) (0.03030711938194213,0.0003787798171725107)
 (416,0) (0.01608625461346614,0.0005338036114963403) (0.02244273233888047,0.0004756084205904486) (0.02470004215100671,0.0004428506330665686) (0.02648648256196021,0.0004194674154071827) (0.0300687315537684,0.0003790024677639297) (0.03006873155376839,0.0003790024677639269)
 (417.3333333333333,0) (0.01946611216781995,0.0005192964736148282) (0.0223189616621887,0.0004747893421189779) (0.02458556295299041,0.0004418690447313026) (0.02637850258749824,0.0004183855535330068) (0.02999352623725504,0.0004660939521449481) (0.02997182416937965,0.0003777991808046821)
 (418.6666666666667,0) (0.01932959415252137,0.0005185937825197904) (0.02219576951256761,0.0004739781258955997) (0.02447168740063918,0.0004408953664335538) (0.02627113667014451,0.0004173113825032842) (0.02987553190218241,0.0003766035686477671) (0.03001756091650959,0.0003751609017218194)
 (420,0) (0.01919361771841331,0.0005178873187452438) (0.02207314988256677,0.0004731746573801242) (0.02435840955418654,0.0004399295224117855) (0.02616437892399471,0.0004162448291093664) (0.02992226707233032,0.0003739699147322286) (0.02977984889692549,0.0003754155581330384)
 (421.3333333333333,0) (0.01905817853704707,0.0005171760826566198) (0.02195109684391767,0.0004723788208474057) (0.02424572354827218,0.0004389714376804354) (0.02605822353732308,0.0004151858210516821) (0.02982757635374698,0.000372786465634968) (0.02968476937247055,0.0003742350770265179)
 (422.6666666666667,0) (0.01892327249420054,0.0005164590080435498) (0.02182960454663832,0.0004715904992756137) (0.02413362359078738,0.000438021038010801) (0.02595266477141288,0.0004141342869248222) (0.02959028762062364,0.0003730620540059259) (0.02973348305294645,0.0003716104830935331)
 (424,0) (0.01878889569902011,0.0005157349565014962) (0.02170866721817507,0.0004708095742293081) (0.02402210396174351,0.0004370782499119797) (0.02584769695941068,0.0004130901562029338) (0.0296399815339121,0.0003704418966687132) (0.02949639800498687,0.0003718964186462115)
 (425.3333333333333,0) (0.01865504449401251,0.0005150027112621587) (0.02158827916257944,0.0004700359257380785) (0.02391115901216148,0.0004361430006119446) (0.02574331450520249,0.0004120533592252657) (0.0295470662312979,0.0003692806368045466) (0.02940309495983483,0.0003707381014055637)
 (426.6666666666667,0) (0.0185217154659695,0.0005142609704101493) (0.02146843475971959,0.000469269432169459) (0.02380078316298502,0.0004352152180388432) (0.02563951188231054,0.0004110238271821122) (0.02931037298900889,0.0003695870336115997) (0.02945473164932507,0.0003681266348145337)
 (428,0) (0.01838890545790407,0.0005135083394127832) (0.02134912846452934,0.000468509970096721) (0.0236909709040131,0.0004342948308021022) (0.02553628363280981,0.0004100014921009215) (0.02936297236069797,0.00036697982286807) (0.02921822666483488,0.0003684431474478052)
 (429.3333333333333,0) (0.01825661158210081,0.0005127433228801983) (0.02123035480629083,0.0004677574141606707) (0.02358171679285408,0.000433381768173973) (0.02543362436626736,0.0004089862868327147) (0.02927178300554059,0.0003658401339771738) (0.0291266506270584,0.0003673063759402317)
 (430.6666666666667,0) (0.01812483123437867,0.0005119643154624395) (0.0211121083879564,0.0004670116369249541) (0.02347301545390018,0.0004324759600709448) (0.02533152875869813,0.0004079781450385679) (0.0290356395818021,0.000366176652944522) (0.02918115829035315,0.0003647075019834355)
 (432,0) (0.0179935621096884,0.0005111695917748122) (0.02099438388550578,0.0004662725087249892) (0.02336486157732132,0.0004315773370352208) (0.0266747738434521,0.0003896079894987993) (0.02909109298698771,0.0003635818615452187) (0.02894518830054111,0.0003650539131330224)
 (433.3333333333333,0) (0.01786280221917369,0.0005103572952292316) (0.02087717604734138,0.0004655398975099385) (0.02325724991807916,0.0004306858302163241) (0.0265784101541233,0.0003885543912663191) (0.02885529161909753,0.0003639380919822783) (0.02900158193164312,0.0003624631481250802)
 (434.6666666666667,0) (0.01773254990883964,0.0005095254256293836) (0.02076047969372142,0.0004648136686767961) (0.02315017529496081,0.0004298013713527659) (0.02648259783085969,0.0003875075939670005) (0.0287659444366534,0.0003628291257606579) (0.02891262002387747,0.0003613512979774534)
 (436,0) (0.01760280387999674,0.0005086718253662308) (0.02064428971623256,0.0004640936848968951) (0.02304363258962906,0.0004289238927535779) (0.0263873318249155,0.0003864675346976353) (0.02882420222563935,0.0003602462481365451) (0.02867714171478235,0.0003617269515162756)
 (437.3333333333333,0) (0.01747356321165485,0.0005077941640265225) (0.02052860107730096,0.0004633798059338109) (0.02293761674569359,0.0004280533272799783) (0.02629260714901812,0.0003854341513194583) (0.02858887847649793,0.0003606315070650949) (0.02873632356031723,0.0003591479364044242)
 (438.6666666666667,0) (0.01734482738507939,0.0005068899211953119) (0.02041340880974395,0.0004626718884522517) (0.0247305019272043,0.0004020740110650199) (0.02619841887643487,0.0003844073824466118) (0.02864897911180547,0.0003580563013393666) (0.02864897911180568,0.0003580563013393612)
 (440,0) (0.01721659631072932,0.00050595636719905) (0.02029870801636265,0.0004619697858175012) (0.0246322082323895,0.0004011135214485594) (0.02610476214005649,0.0003833871674346004) (0.02856216402358792,0.0003569712822443975) (0.028562164023588,0.0003569712822443974)
 (441.3333333333333,0) (0.01708887035784013,0.0005049905414953369) (0.02018449386957795,0.0004612733478845805) (0.02453443787792057,0.00040015959222934) (0.0260116321314964,0.0003823734463690279) (0.02832727679541506,0.000357384941904436) (0.02847587349783708,0.0003558928191560411)
 (442.6666666666667,0) (0.01696165038693526,0.0005039892283640142) (0.02007076161110674,0.0004605824207766681) (0.02443718609399875,0.0003992121637944014) (0.02591902410020756,0.0003813661600545229) (0.02839010279453029,0.0003548208528332823) (0.02839010279453019,0.0003548208528332859)
 (444,0) (0.01683493778559112,0.0005029489294946974) (0.01995750655168591,0.0004598968466520146) (0.02434044816784802,0.000398271177219224) (0.02582693335261436,0.0003803652500038753) (0.0283048472305828,0.0003537553247466989) (0.02830484723058267,0.0003537553247466988)
 (445.3333333333333,0) (0.01670873450781983,0.0005018658329980626) (0.02231231019273378,0.0004229714152682876) (0.02424421944286483,0.0003973365742565523) (0.02573535525126007,0.0003793706584273406) (0.02807035700056771,0.0003541967775608147) (0.02822010217899411,0.0003526961770678143)
 (446.6666666666667,0) (0.01658304311747702,0.0005007357782788592) (0.02220984581608301,0.0004221474043240009) (0.02414849531778196,0.0003964082973253964) (0.02564428521397006,0.0003783823282221823) (0.02813586306801198,0.0003516433526586579) (0.02813586306801202,0.0003516433526586575)
 (448,0) (0.01645786683615998,0.0004995542161065286) (0.02210786997400975,0.0004213297870718112) (0.0240532712458479,0.0003954862895005809) (0.02555371871302968,0.0003774002029623468) (0.02805212538030964,0.0003505967950614615) (0.02805212538030968,0.0003505967950614588)
 (449.3333333333333,0) (0.01633320959611204,0.0004983161630966127) (0.02200637812867167,0.0004205185005146143) (0.02395854273402124,0.0003945704945018078) (0.02546365127437649,0.0003764242268883501) (0.02781799413031887,0.00035106545275343) (0.02796888465217815,0.0003495564484885766)
 (450.6666666666667,0) (0.01620907609872156,0.0004970161496600951) (0.02190536579581472,0.0004197134820225366) (0.02386430534217939,0.0003936608566836492) (0.02649809656839561,0.0003629099983566057) (0.02788613647273381,0.0003485222578125772) (0.02788613647273371,0.0003485222578125769)
 (452,0) (0.01928774342431501,0.0004558864111446779) (0.02180482854402372,0.0004189146693137988) (0.02377055468234074,0.0003927573210251277) (0.02641220276122965,0.0003619123650495175) (0.02780387648313876,0.0003474941685564909) (0.02780387648313884,0.0003474941685564911)
 (453.3333333333333,0) (0.01917770321978517,0.000455233500268479) (0.02170476199399011,0.0004181220004356015) (0.02367728641790141,0.0003918598331196777) (0.02632679502923862,0.000360920723163387) (0.02757006763313376,0.0003479894613163467) (0.02772210037583539,0.0003464721268842673)
 (454.6666666666667,0) (0.01906810516721795,0.0004545845044850869) (0.02160516181779134,0.0004173354137448055) (0.0235844962628845,0.0003909683391653316) (0.02624186911148157,0.0003599350195588453) (0.02764080389379488,0.0003454560795913489) (0.02764080389379476,0.0003454560795913527)
 (456,0) (0.018958945194016,0.0004539392174618764) (0.02150602373818641,0.0004165548478885804) (0.02349217998120443,0.0003900827859548571) (0.02615742079682022,0.0003589552017181533) (0.02740719033637894,0.0003459688212616798) (0.02755998282977784,0.0003444459740954698)
 (457.3333333333333,0) (0.01885021929658396,0.0004532974257422098) (0.02140734352792556,0.0004157802417846387) (0.02340033338594185,0.0003892031208663186) (0.02607344592319319,0.000357981217736057) (0.02747963302560933,0.0003434417584275528) (0.02747963302560952,0.0003434417584275536)
 (458.6666666666667,0) (0.0187419235406453,0.0004526589083219466) (0.02130911700907247,0.0004150115346014863) (0.02330895233863288,0.0003883292918534767) (0.02598994037690306,0.0003570130163108299) (0.02739975037146522,0.0003424433812228231) (0.0273997503714652,0.0003424433812228231)
 (460,0) (0.01863405406162711,0.0004520234362012561) (0.0212113400523414,0.0004142486657384019) (0.02321803274857067,0.0003874612474366586) (0.02590690009191526,0.0003560505467356162) (0.02716640127319067,0.0003429818471830749) (0.02732033080517112,0.0003414507917120328)
 (461.3333333333333,0) (0.01852660706511549,0.0004513907719085529) (0.02111400857644711,0.0004134915748049524) (0.02312757057211822,0.0003865989366934) (0.02582432104916976,0.0003550937588897429) (0.02724137031151467,0.000340463939712863) (0.02724137031151447,0.0003404639397128648)
 (462.6666666666667,0) (0.01841957882738534,0.000450760668996344) (0.02101711854746804,0.0004127402016005988) (0.02458947783486493,0.0003669908615005544) (0.02574219927590399,0.0003541426032303204) (0.02716286492156772,0.0003394827756214722) (0.02716286492156784,0.0003394827756214694)
 (464,0) (0.0183129656960077,0.0004501328715054283) (0.02092066597822268,0.0004119944860937111) (0.02450461937123475,0.0003660790273762725) (0.0256605308449883,0.0003531970307838537) (0.02692974723765716,0.0003400464415462051) (0.02708481071202316,0.0003385072504041681)
 (465.3333333333333,0) (0.01820676409053872,0.0004495071133963321) (0.02082464692765888,0.0004112543684006506) (0.02442021019084217,0.0003651727218672561) (0.02638073739175878,0.0003438401340576272) (0.02700720380453885,0.0003375373155892545) (0.02700720380453878,0.0003375373155892572)
 (466.6666666666666,0) (0.01810097050329451,0.0004488831179441372) (0.02072905750025526,0.0004105197887640985) (0.02433624644976861,0.0003642718970352976) (0.02630203137264937,0.0003428873782023287) (0.02693004036509727,0.0003365729232590009) (0.0269300403650973,0.0003365729232590005)
 (468,0) (0.01799558150021581,0.0004482605970957532) (0.02063389384543531,0.0004097906875314174) (0.02425272434782359,0.0003633765054842856) (0.02622376625822733,0.0003419400878237199) (0.0266971222730019,0.0003371612805809553) (0.02685331660337337,0.0003356140260417391)
 (469.3333333333333,0) (0.01789059372182895,0.0004476392507853728) (0.02053915215699505,0.0004090670051323993) (0.02416964012792388,0.0003624865003524366) (0.02614593829977532,0.0003409982161311231) (0.02677702877211372,0.0003346605771041224) (0.02677702877211377,0.0003346605771041203)
 (470.6666666666666,0) (0.01778600388430468,0.0004470187662056547) (0.02044482867254048,0.0004083486820568178) (0.02408699007548359,0.0003616018353047034) (0.02606854379104141,0.0003400617168643978) (0.02670117316652697,0.0003337125301434864) (0.02670117316652702,0.0003337125301434864)
 (472,0) (0.01768180878062505,0.000446398817030688) (0.02035091967293932,0.0004076356588315593) (0.02400477051781461,0.0003607224645251379) (0.02599157906763861,0.000339130544286445) (0.02662574612368368,0.0003327698393803661) (0.02662574612368379,0.0003327698393803716)
 (473.3333333333333,0) (0.0175780052818608,0.0004457790625876252) (0.02025742148178319,0.0004069278759971835) (0.02392297782353685,0.0003598483427094843) (0.02591504050645681,0.0003382046531758252) (0.02655074402192681,0.0003318324595511296) (0.02655074402192685,0.000331832459551129)
 (474.6666666666666,0) (0.01747459033856739,0.0004451591469725033) (0.02016433046486175,0.0004062252740841024) (0.02384160840199923,0.0003589794250580112) (0.02583892452508098,0.0003372839988195499) (0.02647616328029218,0.0003309003459007044) (0.02647616328029224,0.0003309003459007056)
 (476,0) (0.01737156098230594,0.0004445386981062478) (0.02216156459799263,0.0003774779085836517) (0.0237606587027093,0.0003581156672683122) (0.02576322758122345,0.0003363685370058972) (0.02640200035793849,0.0003299734541754906) (0.02640200035793855,0.0003299734541754901)
 (477.3333333333333,0) (0.01726891432729785,0.0004439173267250825) (0.02207629222800778,0.0003766806209055205) (0.02368012521477314,0.0003572570255281812) (0.02616943070698515,0.0003306175306903) (0.02632825175358675,0.0003290517406163427) (0.02632825175358678,0.0003290517406163413)
 (478.6666666666666,0) (0.01716664757221866,0.0004432946253012489) (0.02199142869613327,0.0003758884516925366) (0.02360000446634441,0.0003564034565088123) (0.02609571907338102,0.0003297035682593877) (0.026095719073381,0.0003297035682593867) (0.02625491400496944,0.0003281351619516738)
 (480,0) (0.01706475800214383,0.0004426701668877378) (0.02190697055191346,0.0003751013569338478) (0.02352029302408321,0.0003555549173579068) (0.02602241521068732,0.0003287946900463902) (0.02618198368828902,0.0003272236753906942) (0.02618198368828907,0.0003272236753906955)
 (481.3333333333333,0) (0.01696324299065112,0.000442043503880458) (0.02182291438297633,0.0003743192930531952) (0.02344098749262232,0.0003547113656930056) (0.02599182576799252,0.0004143633029037682) (0.02610945741768439,0.0003263172386167605) (0.02610945741768428,0.0003263172386167624)
 (482.6666666666666,0) (0.01686210000209534,0.0004414141666912811) (0.02173925681451128,0.0003735422169016077) (0.02336208451404435,0.000353872759594937) (0.02592909800191331,0.0004064051599793319) (0.02587701729057461,0.0003269920175270774) (0.02603733184470736,0.0003254158097808102)
 (484,0) (0.01676132659406038,0.0004407816623243731) (0.02165599450875774,0.0003727700857501702) (0.02328358076736579,0.0003530390576012474) (0.02580491657244563,0.0003260981400096734) (0.02596560365780718,0.0003245193474949068) (0.02596560365780719,0.000324519347494905)
 (485.3333333333333,0) (0.01666092042000692,0.0004401454728469659) (0.02157312416450085,0.0003720028572828849) (0.02441245312833192,0.000338789312001289) (0.02589426958182433,0.0003236278108259629) (0.02589426958182436,0.0003236278108259629) (0.02589426958182425,0.0003236278108259625)
 (486.6666666666666,0) (0.01656087923212369,0.0004395050537462587) (0.02149064251657634,0.0003712404895894756) (0.02433793188327588,0.0003379316755185971) (0.02582332637749047,0.0003227411592894539) (0.0258233263774905,0.0003227411592894541) (0.02582332637749041,0.0003227411592894564)
 (488,0) (0.01646120088439939,0.000438859832161131) (0.02140854633538382,0.0003704829411586576) (0.02426380040131839,0.0003370788294269802) (0.02575277084094007,0.0003218593528433077) (0.02575277084093988,0.0003218593528433093) (0.02575277084093987,0.0003218593528433088)
 (489.3333333333333,0) (0.01916620414783014,0.0003988214998866318) (0.02132683242640754,0.0003697301708710247) (0.02419005550992979,0.0003362307341674209) (0.02568259980322625,0.0003209823518818817) (0.02568259980322616,0.0003209823518818835) (0.02568259980322626,0.0003209823518818822)
 (490.6666666666666,0) (0.01907773044583434,0.0003981763919554528) (0.0212454976297453,0.0003689821379922728) (0.0241166940710376,0.0003353873506106943) (0.02561281012984788,0.0003201101172300283) (0.02561281012984785,0.0003201101172300298) (0.02561281012984799,0.000320110117230029)
 (492,0) (0.01898962029486721,0.0003975356791085715) (0.02116453881964543,0.0003682388021664971) (0.02404371298056066,0.0003345486400515391) (0.02554339872028196,0.000319242610137266) (0.02554339872028188,0.0003192426101372654) (0.02554339872028199,0.0003192426101372644)
 (493.3333333333333,0) (0.01890187060260899,0.0003968992989178614) (0.02108395290405125,0.0003675001234095208) (0.02397110916794876,0.0003337145642028881) (0.02547436250752443,0.0003183797922720295) (0.02547436250752431,0.0003183797922720313) (0.02547436250752437,0.0003183797922720306)
 (494.6666666666666,0) (0.01881447831238975,0.0003962671885143638) (0.02100373682415285,0.0003667660621022353) (0.02389887959573182,0.0003328850851901733) (0.02540569845763897,0.000317521625716038) (0.02540569845763885,0.0003175216257160397) (0.02540569845763886,0.000317521625716041)
 (496,0) (0.01872744040283946,0.0003956392845527581) (0.02092388755394664,0.0003660365789842147) (0.02382702125907469,0.0003320601655459161) (0.02533740356931197,0.0003166680729587377) (0.02533740356931184,0.0003166680729587403) (0.0253374035693119,0.0003166680729587372)
 (497.3333333333333,0) (0.01864075388754642,0.000395015523175444) (0.02084440209980155,0.000365311635146994) (0.02375553118534007,0.0003312397682041544) (0.02526947487341564,0.0003158190968918258) (0.02526947487341562,0.0003158190968918256) (0.02526947487341566,0.0003158190968918243)
 (498.6666666666666,0) (0.01855441581472905,0.0003943958399748391) (0.02076527750003331,0.0003645911920279891) (0.02368440643365864,0.0003304238564950833) (0.02520190943257768,0.0003149746608038775) (0.0252019094325776,0.000314974660803878) (0.02520190943257754,0.0003149746608038801)
 (500,0) (0.01846842326691496,0.0003937801699548082) (0.02068651082448447,0.0003638752114039061) (0.02361364409450512,0.0003296123941397404) (0.02513470434075732,0.0003141347283750703) (0.02513470434075745,0.0003141347283750696) (0.02513470434075742,0.0003141347283750688)
 (501.3333333333333,0) (0.01838277336063362,0.0003931684474910946) (0.02060809917411198,0.0003631636553846215) (0.02354324128928169,0.0003288053452448778) (0.02506785672282981,0.0003132992636719425) (0.02506785672282989,0.0003132992636719417) (0.02506785672282994,0.0003132992636719411)
 (502.6666666666666,0) (0.01829746324611684,0.0003925606062899207) (0.02053003968058191,0.0003624564864068623) (0.02347319516990787,0.0003280026742977171) (0.0250013637341752,0.0003124682311423086) (0.02500136373417516,0.0003124682311423088) (0.02500136373417509,0.0003124682311423119)
 (504,0) (0.01821249010701186,0.000391956579345755) (0.02045232950586985,0.0003617536672281373) (0.0242645142183345,0.0003182699918331527) (0.02493522256027525,0.0003116415956101863) (0.0249352225602752,0.0003116415956101867) (0.02493522256027516,0.0003116415956101866)
 (505.3333333333333,0) (0.0181278511601043,0.0003913562988973802) (0.02037496584186825,0.0003610551609206343) (0.02419721449485867,0.0003174585122891019) (0.02486943041631679,0.0003108193222708441) (0.02486943041631675,0.0003108193222708502) (0.02486943041631661,0.0003108193222708473)
 (506.6666666666666,0) (0.01804354365505119,0.0003907596963826873) (0.02200705059131569,0.0003395783633909623) (0.02413026223170943,0.0003166513320398243) (0.02480398454680019,0.0003100013766859199) (0.02480398454680004,0.0003100013766859241) (0.02480398454680013,0.0003100013766859225)
 (508,0) (0.01795956487412536,0.0003901667023915343) (0.021935204364389,0.000338826329789745) (0.024063654700949,0.0003158484170469378) (0.02473888222515488,0.0003091877247786113) (0.0247388822251549,0.0003091877247786116) (0.02473888222515492,0.0003091877247786096)
 (509.3333333333333,0) (0.01787591213197103,0.0003895772466176717) (0.02186370066108139,0.00033807849139992) (0.0239973892031933,0.0003150497336286854) (0.02467412075336124,0.0003083783328289287) (0.02467412075336138,0.0003083783328289277) (0.02467412075336129,0.0003083783328289283)
 (510.6666666666666,0) (0.01779258277536882,0.0003889912578083113) (0.02179253680288326,0.0003373348146830031) (0.0239314630672393,0.0003142552484553925) (0.02460969746157702,0.0003075731674690628) (0.02460969746157702,0.0003075731674690636) (0.02460969746157704,0.0003075731674690629)
 (512,0) (0.01770957418301329,0.0003884086637119383) (0.02172171013913701,0.0003365952664425889) (0.023865873649698,0.0003134649285448059) (0.02454560970777099,0.0003067721956787768) (0.02454560970777089,0.0003067721956787776) (0.02454560970777086,0.0003067721956787782)
 (513.3333333333334,0) (0.01762688376530052,0.000387829391024891) (0.0216512180466743,0.0003358598138201968) (0.02380061833463307,0.0003126787412575617) (0.02448185487736116,0.0003059753847809104) (0.02448185487736107,0.0003059753847809058) (0.02448185487736104,0.0003059753847809072)
 (514.6666666666666,0) (0.0175445089641278,0.0003872533653351692) (0.02158105792946206,0.0003351284242903775) (0.02373569453320589,0.000311896654292846) (0.02441843038286024,0.0003051827024369198) (0.02441843038286019,0.0003051827024369179) (0.02441843038286028,0.0003051827024369175)
 (516,0) (0.01746244725270293,0.0003866805110649016) (0.02151122721825158,0.0003344010656565827) (0.02367109968332443,0.0003111186356839309) (0.02435533366352461,0.0003043941166425081) (0.02435533366352468,0.0003043941166425164) (0.02435533366352464,0.0003043941166425094)
 (517.3333333333334,0) (0.01738069613536678,0.0003861107514097961) (0.02144172337023496,0.0003336777060466289) (0.02360683124929983,0.0003103446537938486) (0.02429256218501039,0.000303609595723327) (0.02429256218501039,0.0003036095957233274) (0.02429256218501041,0.0003036095957233254)
 (518.6666666666666,0) (0.01729925314742717,0.0003855440082773308) (0.02137254386870539,0.0003329583139085047) (0.02405985799476892,0.0003044723923545739) (0.02423011343903348,0.0003028291083307234) (0.02423011343903347,0.0003028291083307212) (0.02423011343903353,0.0003028291083307207)
 (520,0) (0.01721811585500264,0.0003849802022216358) (0.0213036862227237,0.0003322428580060855) (0.02399736595856479,0.0003036982851623871) (0.02416798494303593,0.0003020526234375661) (0.02416798494303599,0.0003020526234375669) (0.02416798494303596,0.0003020526234375652)
 (521.3333333333334,0) (0.01713728185488089,0.0003844192523764933) (0.02123514796678913,0.000331531307414927) (0.02391648557273265,0.0004436438811518047) (0.02410617423985682,0.0003012801103341467) (0.02410617423985683,0.0003012801103341458) (0.02410617423985676,0.0003012801103341448)
 (522.6666666666666,0) (0.0170567487743877,0.0003838610763855042) (0.02116692666051613,0.0003308236315183189) (0.02388672609182427,0.0004189332489127437) (0.02404467889740818,0.0003005115386241105) (0.02404467889740823,0.0003005115386241106) (0.02404467889740829,0.0003005115386241081)
 (524,0) (0.01697651427126787,0.0003833055903292339) (0.02109901988831539,0.000330119800003033) (0.02384553702621055,0.0004031112444358267) (0.0239834965083564,0.0002997468782204857) (0.02398349650835624,0.0002997468782204847) (0.02398349650835627,0.0002997468782204861)
 (525.3333333333334,0) (0.01689657603358071,0.0003827527086499002) (0.02103142525907958,0.0003294197828554816) (0.02375055482276673,0.0003006411970442935) (0.02392262468980722,0.0002989860993417518) (0.02392262468980723,0.000298986099341753) (0.02392262468980712,0.0002989860993417531)
 (526.6666666666666,0) (0.01681693177960542,0.0003822023440727581) (0.02096414040587517,0.0003287235503577412) (0.02374767111105346,0.0003838686277430075) (0.0238620610829975,0.0002982291725079724) (0.02386206108299764,0.0002982291725079756) (0.02386206108299746,0.000298229172507972)
 (528,0) (0.01673757925776278,0.0003816544075242474) (0.02089716298563703,0.0003280310730836673) (0.02369335917436786,0.0003786487032567831) (0.02380180335298997,0.0002974760685369966) (0.02380180335298992,0.000297476068536999) (0.02380180335299004,0.0002974760685369949)
 (529.3333333333333,0) (0.01665851624654758,0.0003811088080467994) (0.02083049067886917,0.000327342321895148) (0.02356869459207106,0.0002983888549997971) (0.02374184918837283,0.000296726758540681) (0.02374184918837297,0.0002967267585406813) (0.02374184918837288,0.0002967267585406823)
 (530.6666666666666,0) (0.0189673649274157,0.0003485559751935695) (0.02076412118934924,0.0003266572679382891) (0.02368219630096493,0.0002959812139212315) (0.023682196300965,0.0002959812139212326) (0.02368219630096492,0.0002959812139212329) (0.02368219630096481,0.0002959812139212335)
 (532,0) (0.01889638462645337,0.0003479364039279117) (0.02069805224383746,0.0003259758826396857) (0.02351636181508151,0.0003749391741265762) (0.02362284242552387,0.0002952394063675453) (0.0236228424255239,0.0002952394063675444) (0.02362284242552397,0.0002952394063675453)
 (533.3333333333333,0) (0.01882569814455762,0.0003473204323935874) (0.02063228159179095,0.0003252981377028741) (0.02356378531946006,0.0002945013078516279) (0.02356378531946011,0.000294501307851628) (0.02356378531946011,0.0002945013078516249) (0.02356378531946002,0.0002945013078516269)
 (534.6666666666666,0) (0.01875530324424365,0.000346708029125209) (0.02056680700508063,0.0003246240051046569) (0.02350502276255366,0.0002937668906250647) (0.02350502276255379,0.0002937668906250644) (0.02350502276255373,0.000293766890625064) (0.02350502276255368,0.0002937668906250659)
 (536,0) (0.01868519771046644,0.0003460991628421289) (0.02183021423758204,0.000309262087118053) (0.02344655255667666,0.0002930361272155502) (0.02344655255667676,0.000293036127215549) (0.02344655255667676,0.0002930361272155495) (0.02344655255667674,0.0002930361272155474)
 (537.3333333333333,0) (0.01861537935035448,0.000345493802442779) (0.02176853337160805,0.0003085619135091465) (0.02338837252551872,0.0002923089904234497) (0.02338837252551872,0.0002923089904234521) (0.02338837252551876,0.0002923089904234511) (0.02338837252551866,0.0002923089904234514)
 (538.6666666666666,0) (0.01854584599294806,0.0003448919169994328) (0.02170714249328136,0.0003078652861518491) (0.02333048051431701,0.0002915854533184395) (0.023330480514317,0.0002915854533184424) (0.023330480514317,0.0002915854533184412) (0.02333048051431701,0.0002915854533184427)
 (540,0) (0.0184765954889407,0.0003442934757527368) (0.02164603946599547,0.0003071721784007863) (0.0232728743895902,0.0002908654892361736) (0.02327287438959029,0.0002908654892361727) (0.02327287438959025,0.0002908654892361746) (0.02327287438959015,0.0002908654892361757)
 (541.3333333333333,0) (0.01840762571042541,0.0003436984481063522) (0.02158522217417472,0.0003064825638725307) (0.02321555203887694,0.0002901490717750022) (0.02321555203887695,0.0002901490717750017) (0.02321555203887695,0.000290149071775003) (0.02321555203887693,0.0002901490717750009)
 (542.6666666666666,0) (0.01833893455064543,0.0003431068036214375) (0.02152468852301658,0.0003057964164424188) (0.0231585113704767,0.0002894361747927534) (0.02315851137047675,0.0002894361747927529) (0.0231585113704767,0.0002894361747927549) (0.02315851137047678,0.0002894361747927529)
 (544,0) (0.01827051992374756,0.000342518512011418) (0.02146443643823722,0.0003051137102413114) (0.02310175031319617,0.0002887267724035554) (0.02310175031319616,0.0002887267724035552) (0.02310175031319608,0.0002887267724035552) (0.02310175031319608,0.0002887267724035568)
 (545.3333333333333,0) (0.01820237976454129,0.0003419335431362899) (0.02140446386582081,0.0003044344196524847) (0.02304526681609783,0.0002880208389746954) (0.02304526681609787,0.0002880208389746954) (0.02304526681609789,0.0002880208389746969) (0.02304526681609786,0.000288020838974695)
 (546.6666666666666,0) (0.01813451202825987,0.0003413518669975598) (0.02134476877177239,0.0003037585193085293) (0.02298905884825368,0.0002873183491235393) (0.02298905884825366,0.0002873183491235384) (0.02298905884825382,0.0002873183491235375) (0.02298905884825373,0.0002873183491235381)
 (548,0) (0.01806691469032712,0.0003407734537323476) (0.02128534914187415,0.0003030859840883755) (0.02293312439850135,0.0002866192777144791) (0.02293312439850138,0.0002866192777144763) (0.02293312439850139,0.0002866192777144773) (0.02293312439850136,0.000286619277714479)
 (549.3333333333333,0) (0.01799958574612588,0.0003401982736083821) (0.02122620298144606,0.0003024167891141506) (0.02287746147520397,0.0002859235998559472) (0.02287746147520402,0.0002859235998559462) (0.02287746147520395,0.0002859235998559486) (0.02287746147520404,0.0002859235998559482)
 (550.6666666666666,0) (0.01793252321077266,0.0003396262970182086) (0.02116732831510921,0.000301750909748364) (0.02282206810601457,0.0002852312908974611) (0.02282206810601453,0.0002852312908974616) (0.02282206810601457,0.000285231290897459) (0.02282206810601463,0.0002852312908974581)
 (552,0) (0.01786572511889337,0.0003390574944737209) (0.02110872318655278,0.0003010883215909432) (0.02276694233764256,0.0002845423264266939) (0.02276694233764266,0.0002845423264266925) (0.0227669423376425,0.0002845423264266936) (0.02276694233764258,0.0002845423264266929)
 (553.3333333333333,0) (0.01779918952440455,0.0003384918366009139) (0.02105038565830484,0.0003004290004763105) (0.02271208223562412,0.0002838566822666212) (0.02271208223562416,0.0002838566822666219) (0.02271208223562417,0.0002838566822666278) (0.02271208223562418,0.0002838566822666269)
 (554.6666666666666,0) (0.01773291450029746,0.0003379292941339072) (0.02099231381150531,0.0002997729224706566) (0.02265748588409634,0.0002831743344727164) (0.02265748588409632,0.0002831743344727155) (0.02265748588409621,0.000283174334472719) (0.0226574858840963,0.0002831743344727166)
 (556,0) (0.01766689813842549,0.0003373698379097632) (0.02093450574568361,0.0002991200638691072) (0.02260315138557317,0.0002824952593300983) (0.02260315138557323,0.0002824952593300964) (0.02260315138557327,0.000282495259330097) (0.0226031513855733,0.000282495259330098)
 (557.3333333333333,0) (0.01760113854929553,0.0003368134388626505) (0.02087695957853843,0.0002984704011928574) (0.0225490768607274,0.0002818194333508395) (0.02254907686072742,0.0002818194333508374) (0.02254907686072729,0.00028181943335084) (0.0225490768607274,0.0002818194333508375)
 (558.6666666666666,0) (0.01753563386186181,0.0003362600680183557) (0.0208196734457214,0.0002978239111866896) (0.02249526044817197,0.0002811468332712433) (0.02249526044817185,0.000281146833271242) (0.02249526044817187,0.0002811468332712422) (0.02249526044817194,0.0002811468332712417)
 (560,0) (0.01747038222332444,0.000335709696488467) (0.020762645500623,0.0002971805708161416) (0.0224417003042477,0.0002804774360491679) (0.02244170030424768,0.0002804774360491676) (0.0224417003042476,0.0002804774360491686) (0.02244170030424766,0.0002804774360491701)
 (561.3333333333333,0) (0.01740538179893045,0.0003351622954648869) (0.02070587391416249,0.0002965403572648968) (0.02238839460281241,0.0002798112188614024) (0.0223883946028125,0.0002798112188614037) (0.02238839460281243,0.0002798112188614032) (0.02238839460281243,0.0002798112188614042)
 (562.6666666666666,0) (0.01734063077177787,0.0003346178362137897) (0.02159940385898906,0.0002862250493835516) (0.02233534153503331,0.0002791481591010679) (0.02233534153503332,0.0002791481591010678) (0.02233534153503327,0.000279148159101068) (0.02233534153503323,0.0002791481591010689)
 (564,0) (0.01727612734262353,0.0003340762900701018) (0.0215451449804362,0.0002855747007452883) (0.02228253930918211,0.0002784882343750593) (0.02228253930918213,0.0002784882343750612) (0.02228253930918215,0.0002784882343750613) (0.02228253930918211,0.0002784882343750615)
 (565.3333333333333,0) (0.01721186972969419,0.0003335376284315725) (0.0214911362976362,0.0002849274380616794) (0.02222998615043404,0.0002778314225015361) (0.02222998615043401,0.0002778314225015355) (0.02222998615043408,0.000277831422501535) (0.02222998615043401,0.0002778314225015342)
 (566.6666666666666,0) (0.01714785616849995,0.0003330018227527992) (0.02143737605123468,0.0002842832393922408) (0.02217768030066832,0.0002771777015074128) (0.02217768030066835,0.000277177701507414) (0.02217768030066835,0.0002771777015074114) (0.02217768030066825,0.0002771777015074136)
 (568,0) (0.01708408491165192,0.0003324688445395078) (0.02138386249838811,0.0002836420830026885) (0.02212562001827235,0.000276527049625941) (0.02212562001827244,0.0002765270496259398) (0.02212562001827238,0.0002765270496259415) (0.02212562001827239,0.0002765270496259392)
 (569.3333333333333,0) (0.01702055422868218,0.0003319386653423401) (0.02133059391257094,0.0002830039473625112) (0.02207380357794849,0.0002758794452942649) (0.02207380357794851,0.000275879445294266) (0.02207380357794853,0.0002758794452942638) (0.02207380357794862,0.0002758794452942638)
 (570.6666666666666,0) (0.01695726240586695,0.0003314112567508923) (0.02127756858338466,0.0002823688111425762) (0.02202222927052352,0.0002752348671510534) (0.02202222927052346,0.0002752348671510525) (0.02202222927052349,0.0002752348671510522) (0.02202222927052338,0.0002752348671510548)
 (572,0) (0.01689420774605238,0.0003308865903876579) (0.0212247848163698,0.0002817366532128635) (0.02197089540275999,0.0002745932940341495) (0.02197089540275998,0.0002745932940341505) (0.02197089540276007,0.000274593294034151) (0.02197089540275998,0.0002745932940341502)
 (573.3333333333333,0) (0.01878756132461419,0.0003065286020518825) (0.0211722409328209,0.0002811074526400164) (0.02191980029717219,0.0002739547049782572) (0.02191980029717225,0.0002739547049782554) (0.02191980029717219,0.0002739547049782572) (0.0219198002971721,0.0002739547049782469)
 (574.6666666666666,0) (0.01873003332923037,0.0003059510304903866) (0.02111993526960362,0.0002804811886851768) (0.02186894229184237,0.0002733190792126462) (0.02186894229184231,0.0002733190792126452) (0.02186894229184237,0.0002733190792126473) (0.02186894229184238,0.0002733190792126457)
 (576,0) (0.01867274208226056,0.0003053763206515244) (0.02106786617897463,0.0002798578408016707) (0.02181831974024086,0.0002726863961589144) (0.02181831974024081,0.000272686396158913) (0.02181831974024085,0.0002726863961589125) (0.02181831974024077,0.0002726863961589145)
 (577.3333333333333,0) (0.01861568594606991,0.0003048044516305476) (0.02101603202840377,0.0002792373886327983) (0.0217679310110485,0.0002720566354287567) (0.02176793101104864,0.0002720566354287539) (0.02176793101104859,0.0002720566354287535) (0.02176793101104862,0.0002720566354287545)
 (578.6666666666666,0) (0.01855886329811515,0.000304235402701557) (0.02096443120039904,0.0002786198120096622) (0.02171777448798173,0.0002714297768217751) (0.02171777448798161,0.0002714297768217773) (0.02171777448798155,0.0002714297768217754) (0.0217177744879817,0.0002714297768217758)
 (580,0) (0.0185022725307725,0.0003036691533152669) (0.02091306209233343,0.0002780050909489945) (0.02166784856961844,0.0002708058003233366) (0.02166784856961851,0.0002708058003233352) (0.02166784856961841,0.0002708058003233371) (0.02166784856961853,0.0002708058003233329)
 (581.3333333333333,0) (0.01844591205116759,0.0003031056830968599) (0.0208619231162746,0.0002773932056510203) (0.02161815166922936,0.0002701846861024113) (0.0216181516692295,0.0002701846861024086) (0.02161815166922938,0.0002701846861024108) (0.02161815166922935,0.0002701846861024113)
 (582.6666666666666,0) (0.01838978028100789,0.000302544971843512) (0.02124510921260267,0.0005138237297380918) (0.02156868221460871,0.000269566414509499) (0.02156868221460877,0.0002695664145094969) (0.02156868221460883,0.0002695664145094968) (0.02156868221460875,0.000269566414509499)
 (584,0) (0.01833387565641712,0.0003019869995225811) (0.0212527650874812,0.0004698275676947578) (0.02151943864790883,0.000268950966074544) (0.02151943864790873,0.0002689509660745455) (0.02151943864790866,0.0002689509660745457) (0.02151943864790882,0.0002689509660745426)
 (585.3333333333333,0) (0.01827819662777257,0.0003014317462690804) (0.02124365784679859,0.0004388965986052716) (0.0214704194254761,0.000268338321504896) (0.02147041942547617,0.0002683383215048975) (0.0214704194254761,0.0002683383215048985) (0.02147041942547616,0.0002683383215048991)
 (586.6666666666666,0) (0.01822274165954428,0.0003008791923839007) (0.02122159384444754,0.0004180309969724905) (0.02142162301769098,0.0002677284616832957) (0.02142162301769104,0.0002677284616832951) (0.02142162301769103,0.0002677284616832954) (0.02142162301769103,0.0002677284616832977)
 (588,0) (0.01816750923013654,0.0003003293183313608) (0.02118926941561815,0.0004051306668052217) (0.02137304790880735,0.0002671213676658738) (0.02137304790880735,0.0002671213676658728) (0.02137304790880735,0.0002671213676658749) (0.02137304790880739,0.0002671213676658732)
 (589.3333333333333,0) (0.01811249783173095,0.0002997821047374678) (0.02115694410130469,0.0003924141598738646) (0.0213246925967965,0.0002665170206802039) (0.02132469259679652,0.0002665170206802037) (0.02132469259679655,0.000266517020680205) (0.02132469259679646,0.0002665170206802044)
 (590.6666666666666,0) (0.01805770597013286,0.0002992375323875479) (0.02112199566361116,0.0003818581566364301) (0.02127655559319195,0.0002659154021233642) (0.02127655559319195,0.0002659154021233659) (0.02127655559319191,0.0002659154021233663) (0.02127655559319202,0.0002659154021233627)
 (592,0) (0.01800313216461872,0.0002986955822245404) (0.02103886382994034,0.0002670797338942333) (0.02122863542293707,0.0002653164935600243) (0.02122863542293701,0.0002653164935600254) (0.02122863542293701,0.0002653164935600248) (0.02122863542293699,0.0002653164935600236)
 (593.3333333333333,0) (0.0179487749477862,0.0002981562353466033) (0.02104534128774996,0.0003663617717631384) (0.02118093062423379,0.0002647202767205627) (0.02118093062423385,0.0002647202767205624) (0.02118093062423382,0.0002647202767205629) (0.02118093062423377,0.0002647202767205622)
 (594.6666666666666,0) (0.01789463286540591,0.0002976194730055901) (0.02100371945977059,0.0003613480767179842) (0.02113343974839469,0.0002641267334992156) (0.02113343974839477,0.0002641267334992158) (0.02113343974839478,0.0002641267334992156) (0.02113343974839462,0.0002641267334992174)
 (596,0) (0.01784070447627558,0.0002970852766047292) (0.02097142567106088,0.0003494786611284315) (0.02108616135969583,0.0002635358459522376) (0.02108616135969586,0.0002635358459522396) (0.02108616135969588,0.0002635358459522372) (0.02108616135969579,0.0002635358459522376)
 (597.3333333333333,0) (0.01778698835207574,0.0002965536276968097) (0.02091882201455888,0.0003530572828092642) (0.02103909403523223,0.0002629475962960945) (0.0210390940352323,0.0002629475962960935) (0.02103909403523229,0.0002629475962960947) (0.02103909403523217,0.000262947596296097)
 (598.6666666666666,0) (0.01773348307722754,0.0002960245079823308) (0.02087092990617947,0.0003532511909373308) (0.02099223636477512,0.0002623619669056822) (0.02099223636477513,0.000262361966905682) (0.02099223636477511,0.0002623619669056811) (0.02099223636477513,0.0002623619669056799)
 (600,0) (0.01768018724875305,0.0002954978993075364) (0.02075374410091565,0.0002635539761381849) (0.02094558695063112,0.0002617789403125573) (0.02094558695063121,0.0002617789403125561) (0.02094558695063118,0.0002617789403125582) (0.02094558695063119,0.0002617789403125571)
 (601.3333333333333,0) (0.01762709947613608,0.0002949737836625477) (0.02079395460472432,0.0003399652223645442) (0.0208991444075034,0.0002611984992032164) (0.0208991444075034,0.0002611984992032168) (0.02089914440750331,0.0002611984992032186) (0.0208991444075034,0.000261198499203218)
 (602.6666666666666,0) (0.01757421838118609,0.000294452143179571) (0.02073228804981114,0.000350995414209545) (0.02085290736235405,0.0002606206264173698) (0.02085290736235413,0.000260620626417369) (0.02085290736235403,0.00026062062641737) (0.02085290736235406,0.0002606206264173697)
 (604,0) (0.01752154259790369,0.0002939329601310158) (0.02069269326209655,0.0003455759530012856) (0.02080687445426945,0.0002600453049462494) (0.02080687445426936,0.0002600453049462495) (0.02080687445426942,0.0002600453049462469) (0.02080687445426943,0.0002600453049462479)
 (605.3333333333333,0) (0.01746907077234755,0.0002934162169277215) (0.02076104433432616,0.0002594725179309484) (0.02076104433432602,0.0002594725179309504) (0.02076104433432605,0.0002594725179309495) (0.02076104433432611,0.0002594725179309483) (0.02076104433432613,0.0002594725179309468)
 (606.6666666666666,0) (0.01741680156250297,0.0002929018961171529) (0.0207154156654595,0.0002589022486607687) (0.02071541566545944,0.0002589022486607696) (0.02071541566545948,0.000258902248660779) (0.02071541566545936,0.0002589022486607703) (0.02071541566545947,0.0002589022486607789)
 (608,0) (0.01736473363815307,0.0002923899803816265) (0.02066998712233345,0.0002583344805716076) (0.02066998712233347,0.0002583344805716065) (0.02066998712233344,0.0002583344805716071) (0.02066998712233337,0.0002583344805716021) (0.02066998712233336,0.000258334480571604)
 (609.3333333333333,0) (0.01731286568075106,0.0002918804525365827) (0.0206247573912123,0.0002577691972443115) (0.02062475739121238,0.0002577691972443107) (0.0206247573912124,0.0002577691972443112) (0.02062475739121236,0.000257769197244311) (0.02062475739121234,0.0002577691972443127)
 (610.6666666666666,0) (0.01726119638329391,0.0002913732955289309) (0.02057972516983408,0.0002572063824031677) (0.02057972516983415,0.0002572063824031671) (0.02057972516983413,0.0002572063824031681) (0.02057972516983409,0.0002572063824031684) (0.02057972516983419,0.0002572063824031672)
 (612,0) (0.01720972445019829,0.0002908684924351102) (0.02053488916728546,0.0002566460199142732) (0.02053488916728549,0.0002566460199142715) (0.02053488916728548,0.0002566460199142712) (0.02053488916728549,0.0002566460199142707) (0.02053488916728556,0.0002566460199142705)
 (613.3333333333333,0) (0.01715844859717796,0.0002903660264596079) (0.02049024810387838,0.0002560880937840219) (0.02049024810387835,0.0002560880937840245) (0.0204902481038784,0.0002560880937840237) (0.02049024810387834,0.0002560880937840237) (0.02049024810387834,0.0002560880937840241)
 (614.6666666666666,0) (0.01710736755112264,0.0002898658809332752) (0.02044580071102826,0.0002555325881575942) (0.02044580071102833,0.0002555325881575942) (0.02044580071102822,0.0002555325881575957) (0.02044580071102835,0.0002555325881575914) (0.02044580071102825,0.0002555325881575954)
 (616,0) (0.01857853886718687,0.00027272893605934) (0.02040154573113426,0.0002549794873174251) (0.02040154573113419,0.000254979487317428) (0.02040154573113422,0.0002549794873174252) (0.02040154573113424,0.0002549794873174271) (0.02040154573113427,0.0002549794873174254)
 (617.3333333333333,0) (0.01853108714639415,0.0002722019888809339) (0.02035748191746016,0.0002544287756817507) (0.02035748191746012,0.0002544287756817495) (0.02035748191746007,0.0002544287756817481) (0.02035748191746006,0.0002544287756817487) (0.02035748191746012,0.0002544287756817485)
 (618.6666666666666,0) (0.01848382715655231,0.0002716773617926784) (0.02031360803401739,0.0002538804378031241) (0.02031360803401732,0.0002538804378031259) (0.0203136080340173,0.0002538804378031263) (0.02031360803401729,0.0002538804378031261) (0.02031360803401738,0.0002538804378031255)
 (620,0) (0.01843675766987417,0.0002711550394514453) (0.0202699228554495,0.0002533344583669912) (0.02026992285544956,0.0002533344583669914) (0.02026992285544945,0.0002533344583669914) (0.02026992285544955,0.0002533344583669901) (0.0202699228554496,0.0002533344583669909)
 (621.3333333333333,0) (0.01838987746910214,0.0002706350066446261) (0.02022642516691861,0.0002527908221902402) (0.02022642516691853,0.0002527908221902347) (0.02022642516691846,0.0002527908221902357) (0.0202264251669185,0.0002527908221902362) (0.02022642516691862,0.0002527908221902383)
 (622.6666666666666,0) (0.01834318534739526,0.0002701172482888321) (0.02018311376399149,0.0002522495142198085) (0.02018311376399149,0.0002522495142198102) (0.02018311376399158,0.0002522495142198079) (0.0201831137639915,0.0002522495142198081) (0.0201831137639915,0.000252249514219809)
 (624,0) (0.0182966801082188,0.000269601749428466) (0.02013998745252999,0.0002517105195313059) (0.02013998745252996,0.0002517105195313053) (0.02013998745253003,0.0002517105195313051) (0.02013998745252999,0.0002517105195313038) (0.02013998745252999,0.000251710519531306)
 (625.3333333333333,0) (0.01825036056523406,0.0002690884952343353) (0.02009704504858001,0.0002511738233276145) (0.02009704504858006,0.0002511738233276133) (0.02009704504858003,0.0002511738233276132) (0.02009704504857995,0.0002511738233276136) (0.02009704504857998,0.0002511738233276153)
 (626.6666666666666,0) (0.01820422554218984,0.0002685774710023277) (0.02005428537826393,0.0002506394109375539) (0.02005428537826388,0.0002506394109375562) (0.02005428537826392,0.0002506394109375535) (0.02005428537826395,0.0002506394109375547) (0.02005428537826386,0.0002506394109375542)
 (628,0) (0.0181582738728159,0.0002680686621520412) (0.02001170727767318,0.0002501072678145452) (0.02001170727767317,0.0002501072678145429) (0.02001170727767315,0.0002501072678145447) (0.02001170727767308,0.0002501072678145445) (0.02001170727767319,0.0002501072678145442)
 (629.3333333333333,0) (0.01811250440071728,0.000267562054225482) (0.01996930959276279,0.0002495773795352776) (0.01996930959276277,0.0002495773795352778) (0.01996930959276283,0.0002495773795352757) (0.01996930959276277,0.0002495773795352783) (0.01996930959276284,0.0002495773795352839)
 (630.6666666666666,0) (0.01806691597926976,0.0002670576328857687) (0.01992709117924744,0.0002490497317984171) (0.01992709117924746,0.0002490497317984152) (0.01992709117924746,0.000249049731798416) (0.01992709117924739,0.0002490497317984155) (0.01992709117924747,0.0002490497317984157)
 (632,0) (0.01802150747151728,0.0002665553839157621) (0.01988505090249797,0.0002485243104233144) (0.01988505090249795,0.0002485243104233137) (0.01988505090249788,0.0002485243104233153) (0.01988505090249803,0.0002485243104233124) (0.01988505090249799,0.0002485243104233131)
 (633.3333333333333,0) (0.01797627775007003,0.0002660552932169322) (0.01984318763744009,0.0002480011013487367) (0.01984318763744001,0.0002480011013487397) (0.01984318763744003,0.00024800110134874) (0.01984318763744009,0.0002480011013487369) (0.01984318763744015,0.0002480011013487361)
 (634.6666666666666,0) (0.01793122569700397,0.000265557346807956) (0.01980150026845381,0.0002474800906316184) (0.01980150026845393,0.000247480090631619) (0.01980150026845381,0.0002474800906316188) (0.01980150026845381,0.0002474800906316191) (0.0198015002684538,0.000247480090631619)
 (636,0) (0.01788635020376222,0.0002650615308236023) (0.01975998768927466,0.0002469612644458077) (0.01975998768927476,0.0002469612644458069) (0.01975998768927473,0.0002469612644458085) (0.01975998768927472,0.0002469612644458075) (0.01975998768927475,0.0002469612644458077)
 (637.3333333333333,0) (0.01784165017105699,0.0002645678315133506) (0.01971864880289541,0.0002464446090808606) (0.01971864880289547,0.0002464446090808596) (0.01971864880289552,0.0002464446090808587) (0.0197186488028954,0.0002464446090808614) (0.01971864880289548,0.0002464446090808585)
 (638.6666666666666,0) (0.01779712450877271,0.0002640762352404057) (0.01967748252146983,0.0002459301109408143) (0.0196774825214698,0.0002459301109408145) (0.01967748252146984,0.000245930110940815) (0.01967748252146983,0.0002459301109408142) (0.01967748252146974,0.0002459301109408166)
 (640,0) (0.01775277213587069,0.000263586728480275) (0.01963648776621666,0.0002454177565430235) (0.01963648776621675,0.0002454177565430232) (0.01963648776621674,0.0002454177565430209) (0.01963648776621666,0.0002454177565430245) (0.0196364877662167,0.0002454177565430225)
 (641.3333333333333,0) (0.01770859198029543,0.0002630992978197084) (0.01959566346732645,0.0002449075325169455) (0.01959566346732642,0.0002449075325169462) (0.01959566346732643,0.000244907532516945) (0.01959566346732653,0.000244907532516944) (0.01959566346732649,0.0002449075325169459)
 (642.6666666666666,0) (0.01766458297888061,0.0002626139299555607) (0.01955500856386724,0.0002443994256030108) (0.01955500856386732,0.0002443994256030097) (0.0195550085638673,0.0002443994256030099) (0.01955500856386736,0.0002443994256030102) (0.01955500856386723,0.0002443994256030107)
 (644,0) (0.01762074407725828,0.0002621306116934846) (0.01951452200369365,0.000243893422651451) (0.01951452200369369,0.0002438934226514499) (0.01951452200369373,0.0002438934226514542) (0.01951452200369366,0.0002438934226514506) (0.01951452200369363,0.0002438934226514514)
 (645.3333333333333,0) (0.01757707422976678,0.000261649329946943) (0.01947420274335544,0.0002433895106211797) (0.01947420274335549,0.0002433895106211789) (0.0194742027433554,0.0002433895106211797) (0.01947420274335538,0.0002433895106211804) (0.01947420274335544,0.0002433895106211795)
 (646.6666666666666,0) (0.01753357239936285,0.0002611700717361035) (0.01943404974800837,0.0002428876765786609) (0.01943404974800835,0.0002428876765786602) (0.01943404974800839,0.0002428876765786602) (0.01943404974800835,0.0002428876765786612) (0.01943404974800837,0.0002428876765786606)
 (648,0) (0.01749023755753108,0.0002606928241865536) (0.01939406199132516,0.0002423879076968123) (0.01939406199132514,0.0002423879076968128) (0.01939406199132526,0.0002423879076968105) (0.01939406199132522,0.0002423879076968108) (0.01939406199132512,0.0002423879076968134)
 (649.3333333333333,0) (0.01744706868419831,0.0002602175745283763) (0.01935423845540875,0.0002418901912539019) (0.01935423845540873,0.000241890191253902) (0.01935423845540864,0.0002418901912539036) (0.01935423845540869,0.0002418901912539032) (0.01935423845540878,0.0002418901912539017)
 (650.6666666666666,0) (0.01740406476764607,0.0002597443100949903) (0.01931457813070506,0.0002413945146324806) (0.01931457813070503,0.0002413945146324799) (0.01931457813070498,0.0002413945146324814) (0.01931457813070493,0.0002413945146324813) (0.01931457813070502,0.0002413945146324799)
 (652,0) (0.0173612248044257,0.000259273018322083) (0.01927508001591827,0.0002409008653183037) (0.01927508001591827,0.0002409008653183039) (0.01927508001591835,0.0002409008653183028) (0.01927508001591821,0.0002409008653183041) (0.01927508001591828,0.0002409008653183045)
 (653.3333333333333,0) (0.01731854779927425,0.0002588036867466156) (0.0192357431179266,0.0002404092308992875) (0.01923574311792654,0.0002404092308992878) (0.01923574311792652,0.0002404092308992887) (0.01923574311792655,0.0002404092308992873) (0.01923574311792656,0.0002404092308992874)
 (654.6666666666666,0) (0.01836270531360595,0.0002475957415997053) (0.01919656645169861,0.0002399195990644621) (0.01919656645169859,0.0002399195990644629) (0.01919656645169858,0.000239919599064462) (0.01919656645169859,0.0002399195990644622) (0.01919656645169871,0.0002399195990644612)
 (656,0) (0.01832230637629058,0.0002471158905471004) (0.01915754904021146,0.0002394319576029489) (0.01915754904021146,0.0002394319576029478) (0.01915754904021148,0.000239431957602948) (0.01915754904021149,0.0002394319576029486) (0.01915754904021142,0.0002394319576029485)
 (657.3333333333333,0) (0.0182820667745184,0.0002466379928342443) (0.0191186899143693,0.0002389462944029418) (0.01911868991436924,0.000238946294402943) (0.0191186899143692,0.0002389462944029425) (0.01911868991436932,0.0002389462944029418) (0.01911868991436916,0.0002389462944029438)
 (658.6666666666666,0) (0.01824198554598938,0.0002461620364722035) (0.01907998811292318,0.000238462597450714) (0.01907998811292319,0.0002384625974507142) (0.01907998811292309,0.000238462597450711) (0.01907998811292318,0.0002384625974507134) (0.01907998811292309,0.0002384625974507099)
 (660,0) (0.01820206173617329,0.0002456880095690425) (0.01904144268239215,0.0002379808548295951) (0.01904144268239195,0.0002379808548295984) (0.01904144268239197,0.0002379808548295961) (0.01904144268239189,0.0002379808548295975) (0.01904144268239202,0.0002379808548295955)
 (661.3333333333333,0) (0.01816229439823231,0.0002452159003288147) (0.01900305267698384,0.0002375010547190556) (0.01900305267698396,0.0002375010547190523) (0.01900305267698388,0.0002375010547190536) (0.01900305267698401,0.0002375010547190534) (0.01900305267698394,0.000237501054719054)
 (662.6666666666666,0) (0.01812268259294202,0.0002447456970506144) (0.01896481715851923,0.000237023185393664) (0.01896481715851915,0.0002370231853936628) (0.01896481715851917,0.0002370231853936632) (0.01896481715851912,0.0002370231853936633) (0.01896481715851934,0.0002370231853936703)
 (664,0) (0.01808322538861718,0.0002442773881276328) (0.01892673519635361,0.000236547235222189) (0.01892673519635351,0.0002365472352221889) (0.01892673519635351,0.0002365472352221913) (0.01892673519635337,0.0002365472352221888) (0.0189267351963536,0.0002365472352221898)
 (665.3333333333333,0) (0.01804392186103385,0.0002438109620461489) (0.01888880586730267,0.0002360731926666349) (0.01888880586730278,0.000236073192666644) (0.01888880586730252,0.0002360731926666354) (0.01888880586730272,0.0002360731926666415) (0.01888880586730257,0.0002360731926666349)
 (666.6666666666666,0) (0.01800477109335739,0.0002433464073846687) (0.01885102825556809,0.0002356010462813012) (0.01885102825556796,0.0002356010462813022) (0.01885102825556813,0.0002356010462813002) (0.01885102825556793,0.0002356010462813028) (0.01885102825556803,0.0002356010462813011)
 (668,0) (0.01796577217606582,0.0002428837128129905) (0.01881340145266288,0.0002351307847118768) (0.01881340145266267,0.0002351307847118784) (0.01881340145266285,0.0002351307847118755) (0.01881340145266288,0.0002351307847118762) (0.01881340145266283,0.0002351307847118765)
 (669.3333333333333,0) (0.01792692420687966,0.0002424228670912696) (0.01877592455733882,0.000234662396694522) (0.01877592455733871,0.0002346623966945227) (0.01877592455733878,0.0002346623966945234) (0.01877592455733868,0.0002346623966945201) (0.01877592455733858,0.0002346623966945197)
 (670.6666666666666,0) (0.01788822629068798,0.0002419638590691599) (0.01873859667551499,0.0002341958710549722) (0.01873859667551497,0.0002341958710549727) (0.018738596675515,0.0002341958710549712) (0.01873859667551499,0.0002341958710549722) (0.01873859667551512,0.0002341958710549687)
 (672,0) (0.0178496775394786,0.0002415066776848566) (0.01870141692020647,0.0002337311967076396) (0.01870141692020652,0.0002337311967076378) (0.0187014169202064,0.0002337311967076343) (0.01870141692020643,0.0002337311967076407) (0.01870141692020635,0.000233731196707635)
 (673.3333333333333,0) (0.01781127707226737,0.000241051311964276) (0.01866438441145351,0.000233268362654755) (0.01866438441145355,0.0002332683626547528) (0.01866438441145355,0.0002332683626547549) (0.01866438441145357,0.0002332683626547541) (0.01866438441145355,0.0002332683626547528)
 (674.6666666666666,0) (0.01777302401502835,0.0002405977510201994) (0.01862749827625295,0.0002328073579854771) (0.0186274982762531,0.0002328073579854743) (0.01862749827625299,0.0002328073579854769) (0.01862749827625309,0.0002328073579854753) (0.01862749827625288,0.0002328073579854788)
 (676,0) (0.01773491750062607,0.0002401459840513644) (0.01859075764848925,0.0002323481718750513) (0.01859075764848924,0.0002323481718750492) (0.01859075764848925,0.0002323481718750509) (0.01859075764848935,0.0002323481718750483) (0.01859075764848921,0.000232348171875052)
 (677.3333333333333,0) (0.01769695666874649,0.0002396960003416596) (0.01855416166886629,0.000231890793583958) (0.01855416166886617,0.0002318907935839596) (0.01855416166886624,0.000231890793583957) (0.01855416166886622,0.0002318907935839568) (0.01855416166886624,0.0002318907935839579)
 (678.6666666666666,0) (0.01765914066583144,0.0002392477892592459) (0.01851770948484105,0.0002314352124570736) (0.01851770948484095,0.0002314352124570725) (0.0185177094848409,0.0002314352124570751) (0.0185177094848409,0.0002314352124570755) (0.01851770948484095,0.0002314352124570737)
 (680,0) (0.01762146864501163,0.0002388013402558004) (0.0184814002505569,0.0002309814179228435) (0.01848140025055706,0.000230981417922844) (0.01848140025055699,0.0002309814179228432) (0.01848140025055693,0.0002309814179228431) (0.01848140025055697,0.0002309814179228427)
 (681.3333333333333,0) (0.01758393976604067,0.0002383566428655816) (0.01844523312677889,0.000230529399492468) (0.01844523312677878,0.0002305293994924687) (0.01844523312677884,0.0002305293994924687) (0.01844523312677897,0.0002305293994924661) (0.01844523312677884,0.000230529399492468)
 (682.6666666666666,0) (0.01754655319523209,0.0002379136867047695) (0.01840920728082833,0.0002300791467590821) (0.01840920728082834,0.0002300791467590815) (0.01840920728082821,0.0002300791467590843) (0.01840920728082831,0.0002300791467590831) (0.01840920728082826,0.0002300791467590814)
 (684,0) (0.01750930810539347,0.0002374724614705581) (0.01837332188651865,0.0002296306493969796) (0.01837332188651847,0.0002296306493969812) (0.01837332188651863,0.0002296306493969805) (0.01837332188651872,0.000229630649396978) (0.01837332188651862,0.0002296306493969783)
 (685.3333333333333,0) (0.01791090637929556,0.0005534773280328256) (0.01833757612409356,0.0002291838971607987) (0.01833757612409337,0.0002291838971608) (0.0183375761240933,0.0002291838971608013) (0.01833757612409351,0.0002291838971607994) (0.0183375761240935,0.0002291838971607986)
 (686.6666666666666,0) (0.01790908040862102,0.0005269087053522232) (0.01830196918016314,0.0002287388798847592) (0.01830196918016323,0.000228738879884757) (0.01830196918016313,0.0002287388798847602) (0.01830196918016311,0.0002287388798847589) (0.01830196918016322,0.0002287388798847584)
 (688,0) (0.01790955902479089,0.0004987512791477366) (0.01826650024764358,0.0002282955874818788) (0.01826650024764353,0.0002282955874818796) (0.01826650024764354,0.0002282955874818808) (0.01826650024764364,0.0002282955874818793) (0.01826650024764345,0.0002282955874818806)
 (689.3333333333333,0) (0.01790063538405303,0.0004780081881093538) (0.01823116852569447,0.0002278540099432311) (0.01823116852569457,0.0002278540099432306) (0.0182311685256944,0.000227854009943231) (0.01823116852569445,0.0002278540099432304) (0.01823116852569431,0.0002278540099432323)
 (690.6666666666666,0) (0.01790221260289465,0.0004493747705966326) (0.01819597321966045,0.000227414137337161) (0.01819597321966024,0.0002274141373371654) (0.01819597321966025,0.0002274141373371646) (0.01819597321966042,0.0002274141373371613) (0.01819597321966027,0.0002274141373371643)
 (692,0) (0.01789369132414852,0.0004286478914527823) (0.01816091354100957,0.0002269759598085772) (0.01816091354100972,0.0002269759598085761) (0.01816091354100971,0.0002269759598085757) (0.01816091354100964,0.0002269759598085759) (0.01816091354100978,0.0002269759598085741)
 (693.3333333333333,0) (0.01788121608882484,0.0004110860274014362) (0.01812598870727702,0.0002265394675781746) (0.01812598870727694,0.0002265394675781752) (0.01812598870727697,0.0002265394675781752) (0.01812598870727694,0.0002265394675781741) (0.01812598870727694,0.000226539467578174)
 (694.6666666666666,0) (0.01786264496784118,0.0003983000686772876) (0.01809119794200394,0.0002261046509417473) (0.01809119794200398,0.0002261046509417477) (0.01809119794200387,0.0002261046509417478) (0.01809119794200388,0.0002261046509417494) (0.01809119794200385,0.0002261046509417474)
 (696,0) (0.01783886243226578,0.0003895963980257955) (0.0180565404746819,0.0002256715002694468) (0.01805654047468219,0.000225671500269444) (0.01805654047468208,0.0002256715002694458) (0.01805654047468219,0.0002256715002694446) (0.0180565404746821,0.0002256715002694455)
 (697.3333333333333,0) (0.01781736336223648,0.0003792679813023279) (0.01802201554069604,0.0002252400060050684) (0.01802201554069621,0.0002252400060050664) (0.01802201554069612,0.0002252400060050685) (0.01802201554069612,0.0002252400060050664) (0.01802201554069595,0.0002252400060050683)
 (698.6666666666666,0) (0.01779303908606844,0.0003711960006438823) (0.01798762238126713,0.0002248101586653646) (0.0179876223812673,0.0002248101586653638) (0.01798762238126716,0.0002248101586653642) (0.01798762238126732,0.0002248101586653641) (0.01798762238126737,0.0002248101586653619)
 (700,0) (0.0177681127559871,0.0003636880039601214) (0.01795336024339807,0.0002243819488393349) (0.0179533602433983,0.0002243819488393325) (0.01795336024339815,0.0002243819488393353) (0.01795336024339814,0.0002243819488393357) (0.01795336024339802,0.0002243819488393354)
 (701.3333333333333,0) (0.01773979786149088,0.0003588537318183894) (0.01791922837981755,0.0002239553671875488) (0.01791922837981757,0.0002239553671875497) (0.01791922837981761,0.0002239553671875488) (0.01791922837981754,0.0002239553671875493) (0.01791922837981759,0.0002239553671875493)
 (702.6666666666666,0) (0.01771386827548785,0.0003523144943659369) (0.0178852260489262,0.0002235304044414638) (0.01788522604892606,0.0002235304044414624) (0.01788522604892614,0.0002235304044414642) (0.01788522604892608,0.0002235304044414654) (0.01788522604892609,0.0002235304044414636)
 (704,0) (0.01768629460336587,0.000347122900980702) (0.01785135251474244,0.0002231070514027471) (0.01785135251474242,0.0002231070514027474) (0.01785135251474257,0.000223107051402747) (0.01785135251474241,0.0002231070514027492) (0.01785135251474261,0.0002231070514027449)
 (705.3333333333333,0) (0.01765842769725447,0.000342254117057453) (0.01781760704685088,0.0002226852989426264) (0.01781760704685086,0.0002226852989426284) (0.01781760704685068,0.0002226852989426294) (0.01781760704685068,0.0002226852989426284) (0.01781760704685084,0.0002226852989426452)
 (706.6666666666666,0) (0.0176307863697954,0.0003373147813044794) (0.01778398892034726,0.0002222651380012276) (0.01778398892034727,0.0002222651380012275) (0.01778398892034735,0.0002222651380012254) (0.01778398892034726,0.0002222651380012269) (0.01778398892034732,0.0002222651380012268)
 (708,0) (0.01760248344600322,0.0003329750085250871) (0.01775049741578916,0.0002218465595869131) (0.01775049741578905,0.0002218465595869149) (0.01775049741578902,0.000221846559586913) (0.0177504974157891,0.0002218465595869125) (0.01775049741578928,0.0002218465595869208)
 (709.3333333333333,0) (0.01757254646338813,0.0003299682450161365) (0.01771713181914283,0.0002214295547756592) (0.01771713181914281,0.0002214295547756609) (0.01771713181914292,0.0002214295547756584) (0.01771713181914296,0.0002214295547756591) (0.01771713181914276,0.0002214295547756604)
 (710.6666666666666,0) (0.01754700176076343,0.0003237409660704903) (0.01768389142173369,0.0002210141147104128) (0.01768389142173351,0.0002210141147104149) (0.01768389142173357,0.0002210141147104149) (0.01768389142173354,0.0002210141147104155) (0.01768389142173355,0.0002210141147104143)
 (712,0) (0.01751748427903635,0.0003206114494813004) (0.01765077552019489,0.0002206002306004686) (0.01765077552019482,0.0002206002306004685) (0.0176507755201948,0.0002206002306004703) (0.01765077552019479,0.000220600230600471) (0.01765077552019487,0.0002206002306004682)
 (713.3333333333333,0) (0.01748558198078157,0.0003193775981183192) (0.01761778341641872,0.0002201878937208422) (0.01761778341641876,0.0002201878937208424) (0.01761778341641877,0.0002201878937208424) (0.01761778341641871,0.0002201878937208441) (0.0176177834164188,0.0002201878937208422)
 (714.6666666666666,0) (0.01745348270010394,0.0003183869249644181) (0.01758491441750744,0.0002197770954116627) (0.01758491441750752,0.000219777095411662) (0.01758491441750761,0.0002197770954116611) (0.01758491441750759,0.0002197770954116615) (0.01758491441750757,0.0002197770954116623)
 (716,0) (0.01743239966577408,0.0003091797880034996) (0.01755216783572451,0.0002193678270775605) (0.01755216783572434,0.0002193678270775631) (0.01755216783572432,0.0002193678270775635) (0.01755216783572438,0.0002193678270775628) (0.01755216783572454,0.0002193678270775606)
 (717.3333333333333,0) (0.01739476847136819,0.0003125486653410803) (0.01751954298844612,0.0002189600801870837) (0.01751954298844604,0.0002189600801870849) (0.01751954298844604,0.0002189600801870843) (0.01751954298844615,0.0002189600801870822) (0.01751954298844612,0.0002189600801870832)
 (718.6666666666666,0) (0.01736171608703607,0.0003125572836994798) (0.01748703919811504,0.0002185538462720804) (0.01748703919811499,0.0002185538462720799) (0.01748703919811512,0.0002185538462720789) (0.01748703919811511,0.0002185538462720786) (0.01748703919811507,0.0002185538462720796)
 (720,0) (0.01730294266580843,0.0003320873567823904) (0.01745465579219271,0.0002181491169271298) (0.01745465579219263,0.0002181491169271301) (0.0174546557921927,0.0002181491169271295) (0.01745465579219278,0.0002181491169271449) (0.01745465579219267,0.0002181491169271304)
 (721.3333333333333,0) (0.01728989199870899,0.0003171677853610378) (0.01742239210311294,0.0002177458838089647) (0.01742239210311282,0.0002177458838089654) (0.01742239210311273,0.0002177458838089631) (0.01742239210311288,0.000217745883808965) (0.01742239210311282,0.0002177458838089657)
 (722.6666666666666,0) (0.01726036658418881,0.0003147899854654536) (0.01739024746823628,0.0002173441386358868) (0.01739024746823629,0.0002173441386358854) (0.01739024746823637,0.0002173441386358862) (0.01739024746823632,0.0002173441386358853) (0.0173902474682363,0.0002173441386358853)
 (724,0) (0.01721636259476154,0.000323436643675282) (0.01735822122980483,0.000216943873187201) (0.01735822122980477,0.0002169438731872033) (0.01735822122980491,0.0002169438731872014) (0.01735822122980495,0.0002169438731872007) (0.01735822122980478,0.0002169438731872019)
 (725.3333333333333,0) (0.01719933920639154,0.0003117988699989368) (0.01732631273489717,0.0002165450793026664) (0.01732631273489719,0.0002165450793026665) (0.01732631273489703,0.000216545079302667) (0.01732631273489719,0.0002165450793026659) (0.01732631273489712,0.0002165450793026658)
 (726.6666666666666,0) (0.01729452133538343,0.0002161477488819292) (0.01729452133538354,0.0002161477488819287) (0.01729452133538353,0.0002161477488819269) (0.01729452133538363,0.0002161477488819278) (0.01729452133538368,0.0002161477488819267) (0.0172945213353836,0.0002161477488819267)
 (728,0) (0.01726284638788279,0.0002157518738839772) (0.01726284638788276,0.0002157518738839763) (0.01726284638788283,0.0002157518738839751) (0.01726284638788278,0.0002157518738839773) (0.01726284638788291,0.0002157518738839759) (0.01726284638788285,0.0002157518738839751)
 (729.3333333333333,0) (0.01723128725371849,0.0002153574463266001) (0.01723128725371867,0.0002153574463266027) (0.01723128725371865,0.0002153574463266012) (0.01723128725371856,0.0002153574463266019) (0.01723128725371846,0.0002153574463265988) (0.01723128725371841,0.0002153574463265997)
 (730.6666666666666,0) (0.01719984329887602,0.0002149644582858584) (0.01719984329887598,0.000214964458285859) (0.01719984329887584,0.0002149644582858612) (0.01719984329887583,0.0002149644582858614) (0.01719984329887592,0.0002149644582858608) (0.01719984329887593,0.0002149644582858586)
 (732,0) (0.01716851389395994,0.0002145729018955382) (0.01716851389396,0.0002145729018955396) (0.01716851389396013,0.0002145729018955378) (0.01716851389395988,0.0002145729018955389) (0.0171685138939601,0.0002145729018955364) (0.01716851389395988,0.0002145729018955352)
 (733.3333333333333,0) (0.01713729841415284,0.0002141827693466359) (0.01713729841415275,0.0002141827693466386) (0.0171372984141529,0.0002141827693466352) (0.01713729841415276,0.000214182769346639) (0.01713729841415286,0.0002141827693466372) (0.01713729841415283,0.0002141827693466383)
 (734.6666666666666,0) (0.01710619623917234,0.000213794052886844) (0.01710619623917256,0.0002137940528868421) (0.01710619623917254,0.0002137940528868414) (0.01710619623917239,0.000213794052886844) (0.01710619623917257,0.0002137940528868412) (0.01710619623917263,0.0002137940528868425)
 (736,0) (0.01707520675323207,0.0002134067448200167) (0.017075206753232,0.0002134067448200176) (0.01707520675323197,0.0002134067448200185) (0.01707520675323193,0.0002134067448200192) (0.01707520675323209,0.0002134067448200176) (0.01707520675323185,0.0002134067448200216)
 (737.3333333333333,0) (0.01704432934499829,0.0002130208375056974) (0.01704432934499812,0.0002130208375056988) (0.01704432934499813,0.0002130208375056979) (0.0170443293449983,0.0002130208375056962) (0.01704432934499832,0.0002130208375056958) (0.0170443293449983,0.0002130208375056961)
 (738.6666666666666,0) (0.0170135634075523,0.000212636323358576) (0.01701356340755234,0.0002126363233585765) (0.01701356340755241,0.0002126363233585742) (0.01701356340755255,0.0002126363233585727) (0.01701356340755238,0.0002126363233585748) (0.01701356340755245,0.0002126363233585742)
 (740,0) (0.01698290833834957,0.0002122531948480203) (0.01698290833834953,0.000212253194848021) (0.01698290833834966,0.000212253194848019) (0.01698290833834958,0.0002122531948480207) (0.01698290833834956,0.00021225319484802) (0.01698290833834947,0.0002122531948480206)
 (741.3333333333333,0) (0.01695236353918001,0.0002118714444975723) (0.01695236353917991,0.0002118714444975729) (0.01695236353917982,0.0002118714444975746) (0.01695236353917988,0.0002118714444975732) (0.0169523635391798,0.0002118714444975738) (0.0169523635391799,0.0002118714444975725)
 (742.6666666666666,0) (0.01692192841612936,0.0002114910648844703) (0.01692192841612923,0.0002114910648844725) (0.01692192841612933,0.0002114910648844721) (0.01692192841612924,0.000211491064884473) (0.0169219284161292,0.0002114910648844728) (0.01692192841612943,0.0002114910648844703)
 (744,0) (0.01689160237954136,0.0002111120486391569) (0.01689160237954134,0.0002111120486391575) (0.0168916023795413,0.0002111120486391577) (0.01689160237954133,0.0002111120486391574) (0.01689160237954129,0.000211112048639158) (0.01689160237954135,0.0002111120486391573)
 (745.3333333333333,0) (0.01686138484397871,0.0002107343884448131) (0.01686138484397867,0.0002107343884448119) (0.01686138484397872,0.0002107343884448115) (0.01686138484397848,0.0002107343884448147) (0.01686138484397859,0.0002107343884448137) (0.01686138484397847,0.000210734388444815)
 (746.6666666666666,0) (0.01683127522818587,0.0002103580770368747) (0.01683127522818575,0.0002103580770368769) (0.01683127522818591,0.0002103580770368743) (0.01683127522818581,0.0002103580770368746) (0.01683127522818572,0.0002103580770368766) (0.01683127522818586,0.0002103580770368763)
 (748,0) (0.01680127295505174,0.0002099831072025853) (0.01680127295505171,0.0002099831072025853) (0.01680127295505182,0.0002099831072025844) (0.01680127295505169,0.0002099831072025873) (0.01680127295505175,0.0002099831072025869) (0.01680127295505182,0.0002099831072025838)
 (749.3333333333333,0) (0.01677137745157293,0.0002096094717805178) (0.01677137745157306,0.0002096094717805157) (0.01677137745157302,0.000209609471780518) (0.01677137745157296,0.000209609471780517) (0.01677137745157296,0.0002096094717805175) (0.01677137745157307,0.0002096094717805164)
 (750.6666666666666,0) (0.01674158814881708,0.0002092371636601265) (0.01674158814881724,0.000209237163660123) (0.01674158814881724,0.0002092371636601238) (0.01674158814881709,0.0002092371636601261) (0.01674158814881712,0.0002092371636601246) (0.01674158814881723,0.0002092371636601244)
 (752,0) (0.01671190448188657,0.0002088661757812963) (0.01671190448188661,0.0002088661757812954) (0.01671190448188657,0.0002088661757812956) (0.01671190448188667,0.0002088661757812945) (0.0167119044818867,0.000208866175781295) (0.0167119044818867,0.000208866175781294)
 (753.3333333333333,0) (0.01668232588988332,0.000208496501133895) (0.01668232588988314,0.000208496501133896) (0.01668232588988314,0.000208496501133896) (0.01668232588988325,0.0002084965011338947) (0.01668232588988315,0.0002084965011338966) (0.01668232588988315,0.0002084965011338962)
 (754.6666666666666,0) (0.01665285181587274,0.0002081281327573357) (0.01665285181587297,0.000208128132757332) (0.01665285181587279,0.0002081281327573349) (0.01665285181587287,0.0002081281327573338) (0.01665285181587284,0.000208128132757333) (0.01665285181587293,0.0002081281327573322)
 (756,0) (0.01662348170685,0.0002077610637401134) (0.01662348170685001,0.000207761063740127) (0.01662348170685023,0.0002077610637401231) (0.01662348170685006,0.0002077610637401267) (0.01662348170685006,0.0002077610637401262) (0.01662348170685018,0.0002077610637401235)
 (757.3333333333333,0) (0.01659421501370439,0.0002073952872194542) (0.01659421501370436,0.000207395287219454) (0.0165942150137044,0.0002073952872194536) (0.01659421501370429,0.0002073952872194559) (0.01659421501370419,0.0002073952872194577) (0.01659421501370422,0.0002073952872194573)
 (758.6666666666666,0) (0.01656505119118471,0.0002070307963807561) (0.01656505119118452,0.0002070307963807587) (0.01656505119118448,0.0002070307963807576) (0.01656505119118447,0.0002070307963807586) (0.01656505119118461,0.0002070307963807561) (0.01656505119118456,0.0002070307963807578)
 (760,0) (0.0165359896978668,0.00020666758445728) (0.01653598969786687,0.0002066675844572807) (0.01653598969786666,0.0002066675844572828) (0.01653598969786681,0.0002066675844572805) (0.01653598969786661,0.0002066675844572839) (0.01653598969786681,0.0002066675844572816)
 (761.3333333333333,0) (0.01650702999611924,0.0002063056447296901) (0.01650702999611923,0.0002063056447296914) (0.01650702999611927,0.0002063056447296913) (0.01650702999611903,0.0002063056447296869) (0.01650702999611908,0.0002063056447296865) (0.01650702999611908,0.0002063056447296857)
 (762.6666666666666,0) (0.01647817155206997,0.0002059449705256129) (0.01647817155206991,0.0002059449705256133) (0.01647817155207004,0.000205944970525612) (0.01647817155207014,0.0002059449705256105) (0.01647817155207011,0.0002059449705256113) (0.01647817155207006,0.0002059449705256119)
 (764,0) (0.01644941383557431,0.0002055855552192845) (0.01644941383557427,0.0002055855552192858) (0.01644941383557422,0.0002055855552192853) (0.01644941383557415,0.0002055855552192856) (0.01644941383557425,0.0002055855552192851) (0.01644941383557414,0.0002055855552192867)
 (765.3333333333333,0) (0.01642075632018119,0.0002052273922310994) (0.01642075632018125,0.0002052273922310995) (0.01642075632018128,0.0002052273922310979) (0.01642075632018115,0.0002052273922310997) (0.01642075632018114,0.0002052273922310992) (0.01642075632018114,0.0002052273922311006)
 (766.6666666666666,0) (0.01639219848310278,0.0002048704750272167) (0.01639219848310256,0.0002048704750272196) (0.01639219848310274,0.0002048704750272167) (0.01639219848310272,0.0002048704750272187) (0.01639219848310253,0.0002048704750272206) (0.01639219848310278,0.0002048704750272181)
 (768,0) (0.01636373980518065,0.0002045147971191846) (0.01636373980518057,0.0002045147971191847) (0.01636373980518072,0.000204514797119184) (0.0163637398051807,0.0002045147971191844) (0.01636373980518073,0.0002045147971191841) (0.01636373980518056,0.0002045147971191867)
 (769.3333333333333,0) (0.01633537977085621,0.0002041603520635203) (0.01633537977085613,0.0002041603520635202) (0.01633537977085619,0.0002041603520635207) (0.01633537977085626,0.0002041603520635189) (0.01633537977085616,0.0002041603520635197) (0.01633537977085621,0.0002041603520635189)
 (770.6666666666666,0) (0.01630711786813852,0.0002038071334613327) (0.01630711786813835,0.0002038071334613342) (0.01630711786813851,0.0002038071334613335) (0.01630711786813852,0.0002038071334613326) (0.01630711786813848,0.0002038071334613343) (0.01630711786813838,0.0002038071334613338)
 (772,0) (0.01627895358857353,0.0002034551349579454) (0.01627895358857333,0.0002034551349579471) (0.01627895358857357,0.0002034551349579439) (0.01627895358857348,0.000203455134957946) (0.01627895358857341,0.0002034551349579459) (0.01627895358857353,0.0002034551349579459)
 (773.3333333333333,0) (0.01625088642721396,0.0002031043502424998) (0.01625088642721396,0.0002031043502425004) (0.01625088642721382,0.0002031043502425008) (0.01625088642721392,0.0002031043502425007) (0.01625088642721375,0.0002031043502425014) (0.01625088642721376,0.0002031043502425022)
 (774.6666666666666,0) (0.01622291588258877,0.0002027547730475901) (0.01622291588258874,0.0002027547730475908) (0.01622291588258884,0.0002027547730475892) (0.01622291588258869,0.0002027547730475912) (0.01622291588258875,0.0002027547730475919) (0.01622291588258873,0.000202754773047591)
 (776,0) (0.01619504145667349,0.0002024063971488865) (0.01619504145667354,0.0002024063971488856) (0.01619504145667366,0.000202406397148883) (0.01619504145667361,0.0002024063971488843) (0.01619504145667356,0.0002024063971488841) (0.01619504145667364,0.000202406397148883)
 (777.3333333333333,0) (0.01616726265486108,0.0002020592163647529) (0.01616726265486114,0.0002020592163647529) (0.01616726265486108,0.0002020592163647521) (0.01616726265486117,0.0002020592163647529) (0.01616726265486119,0.0002020592163647522) (0.01616726265486121,0.0002020592163647515)
 (778.6666666666666,0) (0.01613957898593143,0.0002017132245559097) (0.01613957898593169,0.0002017132245559065) (0.01613957898593168,0.0002017132245559081) (0.01613957898593146,0.000201713224555911) (0.0161395789859316,0.0002017132245559089) (0.01613957898593145,0.0002017132245559101)
 (780,0) (0.01611198996202402,0.0002013684156250435) (0.01611198996202397,0.0002013684156250401) (0.01611198996202404,0.0002013684156250441) (0.0161119899620239,0.0002013684156250444) (0.01611198996202392,0.0002013684156250387) (0.01611198996202402,0.0002013684156250442)
 (781.3333333333333,0) (0.01608449509860752,0.0002010247835164697) (0.01608449509860758,0.0002010247835164686) (0.01608449509860745,0.0002010247835164712) (0.01608449509860759,0.0002010247835164678) (0.01608449509860761,0.0002010247835164681) (0.0160844950986077,0.0002010247835164675)
 (782.6666666666666,0) (0.01605709391445326,0.0002006823222157582) (0.01605709391445313,0.0002006823222157601) (0.0160570939144531,0.000200682322215761) (0.0160570939144533,0.0002006823222157579) (0.01605709391445312,0.000200682322215761) (0.01605709391445327,0.000200682322215759)
 (784,0) (0.01602978593160558,0.0002003410257494043) (0.01602978593160557,0.0002003410257494044) (0.01602978593160544,0.000200341025749407) (0.01602978593160545,0.0002003410257494071) (0.01602978593160539,0.000200341025749407) (0.01602978593160539,0.0002003410257494069)
 (785.3333333333333,0) (0.0160025706753548,0.0002000008881844677) (0.01600257067535479,0.0002000008881844589) (0.01600257067535484,0.0002000008881844667) (0.01600257067535489,0.0002000008881844672) (0.01600257067535484,0.0002000008881844579) (0.01600257067535488,0.0002000008881844656)
 (786.6666666666666,0) (0.01597544767421025,0.0001996619036282212) (0.01597544767421029,0.0001996619036282204) (0.01597544767421024,0.0001996619036282218) (0.0159754476742102,0.0001996619036282207) (0.01597544767421018,0.000199661903628222) (0.01597544767421027,0.000199661903628222)
 (788,0) (0.01594841645987158,0.0001993240662278333) (0.01594841645987137,0.0001993240662278357) (0.01594841645987142,0.0001993240662278366) (0.01594841645987138,0.0001993240662278358) (0.01594841645987142,0.0001993240662278348) (0.01594841645987147,0.000199324066227835)
 (789.3333333333333,0) (0.01592147656720274,0.0001989873701700184) (0.01592147656720281,0.0001989873701700184) (0.01592147656720269,0.0001989873701700181) (0.01592147656720275,0.0001989873701700185) (0.01592147656720272,0.0001989873701700175) (0.01592147656720278,0.0001989873701700167)
 (790.6666666666666,0) (0.01589462753420581,0.0001986518096806919) (0.01589462753420575,0.000198651809680694) (0.01589462753420585,0.0001986518096806928) (0.01589462753420589,0.0001986518096806919) (0.01589462753420567,0.0001986518096806936) (0.01589462753420584,0.0001986518096806925)
 (792,0) (0.0158678689019933,0.0001983173790246651) (0.01586786890199332,0.0001983173790246639) (0.01586786890199338,0.0001983173790246638) (0.01586786890199336,0.0001983173790246633) (0.01586786890199319,0.0001983173790246655) (0.0158678689019933,0.0001983173790246657)
 (793.3333333333333,0) (0.01584120021476318,0.0001979840725052939) (0.0158412002147631,0.000197984072505296) (0.01584120021476315,0.0001979840725052944) (0.01584120021476306,0.0001979840725052965) (0.01584120021476311,0.0001979840725052955) (0.01584120021476304,0.0001979840725052958)
 (794.6666666666666,0) (0.01581462101977197,0.0001976518844641775) (0.01581462101977182,0.0001976518844641804) (0.01581462101977191,0.0001976518844641778) (0.01581462101977179,0.0001976518844641793) (0.01581462101977178,0.0001976518844641794) (0.01581462101977193,0.000197651884464179)
 (796,0) (0.01578813086730982,0.0001973208092808236) (0.01578813086731004,0.0001973208092808209) (0.01578813086730997,0.0001973208092808209) (0.01578813086731004,0.0001973208092808204) (0.01578813086730993,0.0001973208092808229) (0.01578813086730993,0.0001973208092808224)
 (797.3333333333333,0) (0.01576172931067564,0.0001969908413723262) (0.01576172931067574,0.0001969908413723251) (0.01576172931067575,0.000196990841372324) (0.01576172931067572,0.0001969908413723255) (0.01576172931067565,0.0001969908413723255) (0.01576172931067571,0.0001969908413723242)
 (798.6666666666666,0) (0.0157354159061504,0.0001966619751930718) (0.01573541590615035,0.0001966619751930715) (0.01573541590615034,0.0001966619751930727) (0.01573541590615036,0.0001966619751930717) (0.01573541590615041,0.0001966619751930716) (0.01573541590615019,0.0001966619751930751)
 (800,0) (0.0157091902129734,0.0001963342052344173) (0.01570919021297345,0.000196334205234418) (0.01570919021297335,0.0001963342052344186) (0.01570919021297347,0.0001963342052344163) (0.01570919021297345,0.0001963342052344177) (0.01570919021297326,0.0001963342052344188)


